-0.0212071 0
-0.0212484 0
-0.0212885 0
-0.0213271 0
-0.0213641 0
-0.0213997 0
-0.0214342 0
-0.0214674 0
-0.0214991 0
-0.0215296 0
-0.0215596 0
-0.0215887 0
-0.0216168 0
-0.0216447 0
-0.021673 0
-0.0217013 0
-0.0217298 0
-0.0217593 0
-0.0209809 2.734e-07
-0.0159492 3.76481e-06
-0.00521405 1.22894e-05
0.0116583 2.62339e-05
0.0348184 4.60173e-05
0.064324 7.21757e-05
0.100204 0.000105394
0.142481 0.000146512
0.191168 0.000196529
0.246275 0.000256602
0.307814 0.000328048
0.375803 0.000412362
0.450265 0.000511208
0.531227 0.000626426
0.61872 0.000760043
0.712778 0.000914269
0.813438 0.0010915
0.920734 0.00129432
1.03425 0.00152411
1.15224 0.00177466
1.27321 0.00203169
1.39659 0.00229897
1.52214 0.00261658
1.64963 0.0030221
1.77879 0.00354464
1.90937 0.00421047
2.04111 0.00495554
2.17375 0.00564132
2.30701 0.00634486
2.44051 0.00725588
2.57375 0.00827428
2.70551 0.00921015
2.8343 0.0102369
2.95855 0.0113535
3.07675 0.0123929
3.18757 0.013466
3.29035 0.0144888
3.38683 0.015525
3.4802 0.0166305
3.57275 0.0177519
3.66519 0.0189304
3.75756 0.0201457
3.84978 0.0214509
3.94165 0.0228618
4.03289 0.0244659
4.12333 0.0260996
4.21296 0.0278019
4.30195 0.0295476
4.39073 0.0313693
4.47986 0.0332558
4.57025 0.0352315
4.66308 0.037323
4.75994 0.0395358
4.86272 0.041982
4.97306 0.0446642
5.09121 0.0476628
5.21595 0.0509727
5.34567 0.0544485
5.47928 0.0584948
5.61639 0.0632767
5.75695 0.0684128
5.90101 0.0740635
6.04863 0.0800745
6.19977 0.0866034
6.35424 0.0936459
6.51174 0.100954
6.67184 0.108801
6.83409 0.11715
6.99795 0.125824
7.16275 0.134925
7.32745 0.144241
7.4895 0.153695
7.64555 0.163128
7.79314 0.172194
7.93168 0.180919
8.06219 0.189235
8.186 0.197271
8.30378 0.204999
8.41546 0.212399
8.52055 0.219307
8.61846 0.225756
8.70864 0.231666
8.79077 0.237066
8.86478 0.241899
8.93082 0.246134
8.98929 0.249865
9.04082 0.2531
9.08645 0.255917
9.12793 0.258459
9.16836 0.260892
9.21102 0.263433
9.25872 0.266246
9.3135 0.269416
9.37612 0.272998
9.44631 0.276946
9.52333 0.281126
9.60651 0.285415
9.69555 0.289884
9.79068 0.294507
9.89239 0.299246
10.0012 0.304228
10.1177 0.309298
10.2422 0.314423
10.3749 0.319729
10.5161 0.325128
10.6659 0.330463
10.8241 0.335619
10.9897 0.340535
11.1598 0.345229
11.3317 0.349571
11.502 0.353397
11.6686 0.356526
11.8313 0.359026
11.9906 0.361164
12.147 0.362797
12.3004 0.363936
12.45 0.364786
12.5948 0.365224
12.7331 0.365314
12.8631 0.365162
12.9831 0.364756
13.0916 0.364239
13.1871 0.363619
13.2681 0.363038
13.3333 0.362492
13.3826 0.362106
13.4195 0.361843
13.4495 0.361615
13.4763 0.361421
13.5031 0.361237
13.5307 0.361045
13.5591 0.360864
13.5883 0.360721
13.6185 0.360617
13.6507 0.360532
13.6863 0.360442
13.727 0.360386
13.7744 0.360374
13.8301 0.360381
13.8957 0.360426
13.9727 0.360489
14.0625 0.360639
14.1666 0.360877
14.2856 0.361155
14.4175 0.361567
14.5588 0.362199
14.7085 0.36307
14.8662 0.364197
15.0302 0.36556
15.1996 0.36712
15.3742 0.36886
15.5539 0.370765
15.738 0.37287
15.9254 0.375301
16.1146 0.378091
16.3026 0.381178
16.4842 0.384319
16.6551 0.387347
16.8144 0.390384
16.9617 0.393439
17.0948 0.396219
17.2098 0.398719
17.3043 0.400828
17.3796 0.402499
17.4379 0.403825
17.48 0.404762
17.5086 0.405408
17.5288 0.405893
17.5413 0.406201
17.5482 0.406372
17.551 0.406435
17.5518 0.406455
17.5522 0.406463
17.5523 0.406469
17.5536 0.406517
17.559 0.406828
17.5703 0.407618
17.5879 0.408994
17.6125 0.411177
17.6479 0.414658
17.6982 0.420214
17.7649 0.428155
17.8477 0.438786
17.9459 0.453029
18.0581 0.47197
18.1811 0.495059
18.3142 0.52275
18.4553 0.555281
18.6049 0.593302
18.7617 0.637268
18.9242 0.687366
19.0915 0.743883
19.2627 0.80713
19.4363 0.877074
19.6102 0.953346
19.7811 1.03466
19.9495 1.12125
20.1107 1.21047
20.2615 1.29991
20.3992 1.38811
20.5201 1.47218
20.6207 1.54578
20.6972 1.60416
20.7537 1.64944
20.7938 1.68295
20.8211 1.70595
20.8376 1.71963
20.8461 1.72658
20.8489 1.72885
20.8496 1.7294
20.8497 1.72953
20.8498 1.72957
20.8498 1.72958
20.8498 1.72959
20.8498 1.72959
20.8505 1.73008
20.8546 1.73273
20.8648 1.73905
20.8835 1.75046
20.9152 1.7693
20.9614 1.79609
21.0221 1.83047
21.0975 1.87196
21.1869 1.91959
21.2917 1.97344
21.4107 2.03222
21.5419 2.09408
21.6828 2.15722
21.8319 2.22037
21.9886 2.28276
22.1526 2.34385
22.3241 2.40316
22.503 2.46019
22.689 2.51436
22.8806 2.56471
23.0761 2.61048
23.2745 2.65117
23.468 2.6853
23.6464 2.71187
23.7983 2.73077
23.9223 2.74345
24.0229 2.75165
24.102 2.75687
24.1593 2.76005
24.196 2.7619
24.2183 2.76287
24.2303 2.76337
24.2356 2.76359
24.2372 2.76366
24.2376 2.76367
24.2377 2.76367
24.2377 2.76367
24.2377 2.76366
24.2377 2.76366
24.2377 2.76365
24.2384 2.76372
24.2449 2.76419
24.2645 2.76549
24.3012 2.76774
24.3546 2.77093
24.4249 2.77494
24.5122 2.77957
24.6166 2.78457
24.7377 2.78946
24.8718 2.79372
25.0175 2.79701
25.1739 2.79886
25.3389 2.79887
25.5112 2.79674
25.6903 2.79221
25.8759 2.785
26.0679 2.77483
26.2663 2.76144
26.4707 2.74454
26.6791 2.724
26.8851 2.70037
27.0762 2.67538
27.2516 2.64975
27.4048 2.62527
27.529 2.60401
27.6239 2.58702
27.6916 2.57446
27.7357 2.56616
27.7615 2.56125
27.7735 2.55899
27.7769 2.55835
27.7776 2.55823
27.7777 2.5582
27.7778 2.55819
27.7778 2.55819
27.7778 2.55819
27.7778 2.55819
27.7778 2.55819
27.778 2.55816
27.7813 2.55762
27.7922 2.55589
27.8142 2.55249
27.8523 2.54668
27.9078 2.53836
27.9808 2.52756
28.071 2.51439
28.1781 2.49896
28.3001 2.4816
28.4364 2.46245
28.5841 2.44201
28.7401 2.42075
28.9032 2.39888
29.0731 2.37649
29.2497 2.35366
29.433 2.33042
29.623 2.30683
29.8195 2.28296
30.0216 2.25899
30.2268 2.23525
30.4308 2.21227
30.6205 2.19148
30.7922 2.17316
30.9453 2.15726
31.0763 2.144
31.1775 2.13396
31.2461 2.12706
31.2847 2.12303
31.3015 2.1213
31.3065 2.1208
31.3075 2.1207
31.3077 2.12068
31.3078 2.12068
31.3078 2.12067
31.3078 2.12067
31.3078 2.12067
31.3078 2.12067
31.3078 2.12067
31.3079 2.12065
31.311 2.12013
31.3229 2.11784
31.3462 2.11303
31.3833 2.10488
31.4354 2.0925
31.5025 2.07574
31.5845 2.05404
31.6816 2.02669
31.793 1.993
31.9144 1.95318
32.0421 1.90782
32.1746 1.85682
32.3115 1.79984
32.4522 1.73648
32.5964 1.66633
32.7437 1.58897
32.8937 1.50396
33.0459 1.41092
33.1989 1.30993
33.3499 1.20232
33.4945 1.09109
33.626 0.982187
33.7425 0.878303
33.8412 0.784819
33.9214 0.704761
33.9852 0.638334
34.0345 0.58557
34.0709 0.545756
34.0978 0.51606
34.1184 0.493286
34.1344 0.475635
34.1458 0.463072
34.1541 0.453948
34.1595 0.448181
34.1623 0.445335
34.1633 0.44434
34.1636 0.444042
34.1637 0.443929
34.1642 0.443543
34.1675 0.440664
34.1766 0.433068
34.1945 0.418426
34.2237 0.39517
34.2658 0.362286
34.3215 0.319839
34.3913 0.268382
34.4745 0.20899
34.5681 0.144718
34.6698 0.0775204
34.7819 0.00669973
34.9028 -0.0661828
35.0343 -0.141477
35.1752 -0.217696
35.3249 -0.293771
35.4829 -0.368821
35.6489 -0.442072
35.8226 -0.512762
36.0028 -0.579795
36.1867 -0.641673
36.3691 -0.696679
36.5438 -0.743473
36.7021 -0.780732
36.8417 -0.809175
36.964 -0.830971
37.0692 -0.846856
37.1585 -0.857908
37.235 -0.866152
37.2979 -0.872148
37.3466 -0.876255
37.3796 -0.878868
37.3988 -0.880352
37.4074 -0.881021
37.4099 -0.881227
37.4104 -0.881265
37.4105 -0.881269
37.4106 -0.881266
37.4106 -0.881262
37.4109 -0.881307
37.4147 -0.881713
37.4269 -0.882988
37.4517 -0.885575
37.4895 -0.889506
37.5397 -0.894706
37.6022 -0.901087
37.6772 -0.908545
37.7656 -0.916973
37.8683 -0.926217
37.987 -0.936161
38.1222 -0.946337
38.2703 -0.956057
38.4304 -0.964821
38.6003 -0.972052
38.7779 -0.977313
38.9625 -0.980277
39.1537 -0.980646
39.3512 -0.978126
39.554 -0.972433
39.7585 -0.963433
39.9596 -0.951377
40.158 -0.936335
40.3493 -0.918893
40.5285 -0.899939
40.6886 -0.880918
40.8248 -0.863173
40.9365 -0.847512
41.0248 -0.834505
41.0248 -0.834505
41.0894 -0.824678
41.0894 -0.824678
41.1311 -0.81824
41.1311 -0.81824
41.1538 -0.814703
41.1538 -0.814703
41.1628 -0.813333
41.1628 -0.813333
41.1648 -0.813031
41.1648 -0.813031
41.1651 -0.812975
41.1651 -0.812975
41.1652 -0.812963
41.1652 -0.812963
41.1652 -0.81296
41.1652 -0.81296
41.1652 -0.812958
41.1652 -0.812958
41.1652 -0.812957
41.1652 -0.812957
41.1652 -0.812955
41.1652 -0.812955
41.1653 -0.812947
41.1653 -0.812947
41.1665 -0.812786
41.1665 -0.812786
41.1719 -0.812055
41.1719 -0.812055
41.1863 -0.810102
41.1863 -0.810102
41.2137 -0.806374
41.2137 -0.806374
41.2573 -0.800413
41.2573 -0.800413
41.3179 -0.792442
41.3179 -0.792442
41.396 -0.782824
41.396 -0.782824
41.4916 -0.771269
41.4916 -0.771269
41.6047 -0.7578
41.6047 -0.7578
41.7331 -0.742674
41.7331 -0.742674
41.8754 -0.726095
41.8754 -0.726095
42.0277 -0.708531
42.0277 -0.708531
42.1878 -0.690279
42.1878 -0.690279
42.3549 -0.671461
42.3549 -0.671461
42.5287 -0.652131
42.5287 -0.652131
42.7092 -0.632325
42.7092 -0.632325
42.8963 -0.612075
42.8963 -0.612075
43.0901 -0.591417
43.0901 -0.591417
43.2901 -0.570429
43.2901 -0.570429
43.4947 -0.549318
43.4947 -0.549318
43.7014 -0.528383
43.7014 -0.528383
43.9058 -0.508093
43.9058 -0.508093
44.0966 -0.489597
44.0966 -0.489597
44.2613 -0.474049
44.2613 -0.474049
44.399 -0.461394
44.399 -0.461394
44.5127 -0.451211
44.5127 -0.451211
44.6031 -0.443282
44.6031 -0.443282
44.6692 -0.437578
44.6692 -0.437578
44.7112 -0.433991
44.7112 -0.433991
44.734 -0.43206
44.734 -0.43206
44.7452 -0.431121
44.7452 -0.431121
44.7491 -0.430793
44.7491 -0.430793
44.75 -0.430721
44.75 -0.430721
44.7501 -0.430707
44.7501 -0.430707
44.7502 -0.430705
44.7502 -0.430705
44.7502 -0.430705
44.7502 -0.430705
44.7502 -0.430706
44.7502 -0.430706
44.7502 -0.430706
44.7502 -0.430706
44.7502 -0.430707
44.7502 -0.430707
44.7502 -0.4307
44.7502 -0.4307
44.7536 -0.430412
44.7536 -0.430412
44.7685 -0.429162
44.7685 -0.429162
44.8004 -0.426515
44.8004 -0.426515
44.8493 -0.422486
44.8493 -0.422486
44.915 -0.417106
44.915 -0.417106
44.9982 -0.410366
44.9982 -0.410366
45.0987 -0.402338
45.0987 -0.402338
45.2162 -0.393107
45.2162 -0.393107
45.3491 -0.382898
45.3491 -0.382898
45.4957 -0.371908
45.4957 -0.371908
45.6531 -0.360435
45.6531 -0.360435
45.8189 -0.348731
45.8189 -0.348731
45.9919 -0.336934
45.9919 -0.336934
46.1717 -0.325126
46.1717 -0.325126
46.3582 -0.313364
46.3582 -0.313364
46.5514 -0.301705
46.5514 -0.301705
46.7513 -0.290204
46.7513 -0.290204
46.9578 -0.278922
46.9578 -0.278922
47.1698 -0.267981
47.1698 -0.267981
47.3826 -0.257674
47.3826 -0.257674
47.5852 -0.248491
47.5852 -0.248491
47.7696 -0.2407
47.7696 -0.2407
47.938 -0.234072
47.938 -0.234072
48.0848 -0.228675
48.0848 -0.228675
48.2035 -0.224565
